Video: 202012132137152159400I1

Extracted Motion Features:
mean_motion: 1.6109544038772583
std_motion: 1.042020559310913
max_motion: 3.64052152633667
direction_variance: 0.008692449890077114
acceleration_std: 0.5813624858856201

Probe Stability Index: 73.57 / 100

Interpretation: Moderate stability with noticeable motion variation.
