Video: 202104301905551916260I7

Extracted Motion Features:
mean_motion: 0.4079881012439728
std_motion: 0.12744298577308655
max_motion: 0.6300811767578125
direction_variance: 0.18899361789226532
acceleration_std: 0.10326337069272995

Probe Stability Index: 94.9 / 100

Interpretation: High stability.
