Video: 202107111005171012280I2

Extracted Motion Features:
mean_motion: 1.3698855638504028
std_motion: 0.6141175031661987
max_motion: 2.3471972942352295
direction_variance: 0.01819537580013275
acceleration_std: 0.514494776725769

Probe Stability Index: 82.52 / 100

Interpretation: High stability.
