Video: 202105051946481958150I6

Extracted Motion Features:
mean_motion: 0.37271517515182495
std_motion: 0.09087944775819778
max_motion: 0.5572160482406616
direction_variance: 0.06853409856557846
acceleration_std: 0.08198212087154388

Probe Stability Index: 96.21 / 100

Interpretation: High stability.
