Video: 202104302301192310050I1

Extracted Motion Features:
mean_motion: 0.563395082950592
std_motion: 0.12952910363674164
max_motion: 0.7441430687904358
direction_variance: 0.08651819825172424
acceleration_std: 0.1490125060081482

Probe Stability Index: 94.66 / 100

Interpretation: High stability.
