Video: 202104040909560925330I2

Extracted Motion Features:
mean_motion: 0.9044762849807739
std_motion: 0.5275061130523682
max_motion: 2.561605453491211
direction_variance: 0.03563642501831055
acceleration_std: 0.5321834087371826

Probe Stability Index: 82.16 / 100

Interpretation: High stability.
