Video: 202103270848140900070I4

Extracted Motion Features:
mean_motion: 1.9233251810073853
std_motion: 1.0767602920532227
max_motion: 4.361494064331055
direction_variance: 0.07800322771072388
acceleration_std: 1.3393824100494385

Probe Stability Index: 65.51 / 100

Interpretation: Moderate stability with noticeable motion variation.
