Video: 202107271956422006390I2

Extracted Motion Features:
mean_motion: 0.53975909948349
std_motion: 0.11868659406900406
max_motion: 0.8274320363998413
direction_variance: 0.06065056845545769
acceleration_std: 0.18198704719543457

Probe Stability Index: 94.35 / 100

Interpretation: High stability.
