Video: 202106031704551712300I3

Extracted Motion Features:
mean_motion: 0.46788015961647034
std_motion: 0.2237226665019989
max_motion: 1.0067204236984253
direction_variance: 0.0454215444624424
acceleration_std: 0.24532228708267212

Probe Stability Index: 92.48 / 100

Interpretation: High stability.
