Video: 202105051946481958150I8

Extracted Motion Features:
mean_motion: 0.6895356178283691
std_motion: 0.3672896921634674
max_motion: 1.6297749280929565
direction_variance: 0.07082415372133255
acceleration_std: 0.26477286219596863

Probe Stability Index: 88.6 / 100

Interpretation: High stability.
