Video: 202105091125241138580I2

Extracted Motion Features:
mean_motion: 0.5339150428771973
std_motion: 0.1697319895029068
max_motion: 0.8512216806411743
direction_variance: 0.14686979353427887
acceleration_std: 0.19486172497272491

Probe Stability Index: 93.33 / 100

Interpretation: High stability.
