Video: 202105151207371210520I3

Extracted Motion Features:
mean_motion: 0.4413139522075653
std_motion: 0.08772684633731842
max_motion: 0.5963444113731384
direction_variance: 0.12863560020923615
acceleration_std: 0.09766866266727448

Probe Stability Index: 95.68 / 100

Interpretation: High stability.
