Video: 202101071849301901010I3

Extracted Motion Features:
mean_motion: 0.5365238189697266
std_motion: 0.19798874855041504
max_motion: 0.9723511934280396
direction_variance: 0.029250113293528557
acceleration_std: 0.22841355204582214

Probe Stability Index: 93.01 / 100

Interpretation: High stability.
