Video: 202107271956422006390I1

Extracted Motion Features:
mean_motion: 0.7988478541374207
std_motion: 0.22004921734333038
max_motion: 1.1868261098861694
direction_variance: 0.04117638245224953
acceleration_std: 0.22159354388713837

Probe Stability Index: 91.96 / 100

Interpretation: High stability.
