Video: 202104040909560925330I1

Extracted Motion Features:
mean_motion: 0.5110481977462769
std_motion: 0.14847709238529205
max_motion: 0.7622349262237549
direction_variance: 0.08024913817644119
acceleration_std: 0.11084811389446259

Probe Stability Index: 94.7 / 100

Interpretation: High stability.
