Video: 202105051946481959200I6

Extracted Motion Features:
mean_motion: 0.8363158702850342
std_motion: 0.4291885495185852
max_motion: 2.025338649749756
direction_variance: 0.0836884006857872
acceleration_std: 0.3396110534667969

Probe Stability Index: 86.01 / 100

Interpretation: High stability.
