Video: 202105052209072225330I4

Extracted Motion Features:
mean_motion: 0.4559364318847656
std_motion: 0.14222067594528198
max_motion: 0.8156588673591614
direction_variance: 0.00959294568747282
acceleration_std: 0.1408124566078186

Probe Stability Index: 94.71 / 100

Interpretation: High stability.
