Video: 202105051946481959200I2

Extracted Motion Features:
mean_motion: 0.8129153847694397
std_motion: 0.528397798538208
max_motion: 2.2938241958618164
direction_variance: 0.13718368113040924
acceleration_std: 0.4051746726036072

Probe Stability Index: 83.48 / 100

Interpretation: High stability.
