Video: 202105051946481958150I2

Extracted Motion Features:
mean_motion: 0.6620253324508667
std_motion: 0.15131300687789917
max_motion: 0.9758725166320801
direction_variance: 0.04397498071193695
acceleration_std: 0.1879418045282364

Probe Stability Index: 93.54 / 100

Interpretation: High stability.
