Video: 202105051946481959200I3

Extracted Motion Features:
mean_motion: 0.6349425911903381
std_motion: 0.28998231887817383
max_motion: 1.433594822883606
direction_variance: 0.1378367841243744
acceleration_std: 0.18273597955703735

Probe Stability Index: 90.16 / 100

Interpretation: High stability.
