Video: 202104301807001813430I5

Extracted Motion Features:
mean_motion: 0.4511794447898865
std_motion: 0.14743013679981232
max_motion: 0.7411379218101501
direction_variance: 0.06678099185228348
acceleration_std: 0.1533798724412918

Probe Stability Index: 94.6 / 100

Interpretation: High stability.
