Video: 202105151207371210520I2

Extracted Motion Features:
mean_motion: 0.36909976601600647
std_motion: 0.09682106226682663
max_motion: 0.5681395530700684
direction_variance: 0.20625974237918854
acceleration_std: 0.10461529344320297

Probe Stability Index: 95.29 / 100

Interpretation: High stability.
