Video: 202106252235202255130I3

Extracted Motion Features:
mean_motion: 0.30772531032562256
std_motion: 0.09501132369041443
max_motion: 0.536169707775116
direction_variance: 0.05951103940606117
acceleration_std: 0.1127014234662056

Probe Stability Index: 96.12 / 100

Interpretation: High stability.
