Video: 202106081919311946120I4

Extracted Motion Features:
mean_motion: 0.6203135848045349
std_motion: 0.18059852719306946
max_motion: 1.0330612659454346
direction_variance: 0.25990548729896545
acceleration_std: 0.2313617765903473

Probe Stability Index: 91.74 / 100

Interpretation: High stability.
