Video: 202101141947512000310I3

Extracted Motion Features:
mean_motion: 2.3783600330352783
std_motion: 0.9402825832366943
max_motion: 3.7719240188598633
direction_variance: 0.006598158273845911
acceleration_std: 0.44523823261260986

Probe Stability Index: 74.69 / 100

Interpretation: Moderate stability with noticeable motion variation.
