Video: 202107111005171012280I1

Extracted Motion Features:
mean_motion: 0.9619951844215393
std_motion: 0.40003886818885803
max_motion: 1.9267995357513428
direction_variance: 0.02568119391798973
acceleration_std: 0.43507248163223267

Probe Stability Index: 86.35 / 100

Interpretation: High stability.
