Video: 202101141947512000310I2

Extracted Motion Features:
mean_motion: 1.207595705986023
std_motion: 1.337733507156372
max_motion: 4.752248764038086
direction_variance: 0.03192697837948799
acceleration_std: 0.46119359135627747

Probe Stability Index: 67.36 / 100

Interpretation: Moderate stability with noticeable motion variation.
