Video: 202104040909560925330I3

Extracted Motion Features:
mean_motion: 0.7553671598434448
std_motion: 0.4184987246990204
max_motion: 2.145890712738037
direction_variance: 0.036096252501010895
acceleration_std: 0.40333986282348633

Probe Stability Index: 85.47 / 100

Interpretation: High stability.
