Video: 202101141947512003470I2

Extracted Motion Features:
mean_motion: 1.8636243343353271
std_motion: 1.741928219795227
max_motion: 6.071415424346924
direction_variance: 0.023464467376470566
acceleration_std: 1.145164132118225

Probe Stability Index: 54.79 / 100

Interpretation: Moderate stability with noticeable motion variation.
