Video: 202107272021042039390I1

Extracted Motion Features:
mean_motion: 0.8007249236106873
std_motion: 0.2774234712123871
max_motion: 1.3648072481155396
direction_variance: 0.07262235134840012
acceleration_std: 0.3171742558479309

Probe Stability Index: 90.06 / 100

Interpretation: High stability.
