Video: 202105051946481959200I5

Extracted Motion Features:
mean_motion: 1.0047765970230103
std_motion: 0.5110698938369751
max_motion: 2.4917547702789307
direction_variance: 0.08017736673355103
acceleration_std: 0.5809093713760376

Probe Stability Index: 82.06 / 100

Interpretation: High stability.
