Video: 202107272021042039390I3

Extracted Motion Features:
mean_motion: 1.2380791902542114
std_motion: 0.5916875600814819
max_motion: 2.528945207595825
direction_variance: 0.022597914561629295
acceleration_std: 0.6729235053062439

Probe Stability Index: 81.0 / 100

Interpretation: High stability.
