Video: 202105151207371210520I1

Extracted Motion Features:
mean_motion: 1.065201759338379
std_motion: 0.5990659594535828
max_motion: 2.6513965129852295
direction_variance: 0.11418291181325912
acceleration_std: 0.41875240206718445

Probe Stability Index: 81.52 / 100

Interpretation: High stability.
