Video: 202105060902430909190I6

Extracted Motion Features:
mean_motion: 0.4975740909576416
std_motion: 0.20053169131278992
max_motion: 0.8851053714752197
direction_variance: 0.07120407372713089
acceleration_std: 0.14160355925559998

Probe Stability Index: 93.65 / 100

Interpretation: High stability.
