Video: 202101191945432007060I1

Extracted Motion Features:
mean_motion: 0.6634584069252014
std_motion: 0.27339041233062744
max_motion: 1.4717252254486084
direction_variance: 0.03541511297225952
acceleration_std: 0.18785549700260162

Probe Stability Index: 90.62 / 100

Interpretation: High stability.
