Video: 202106031704551712300I1

Extracted Motion Features:
mean_motion: 0.5509498715400696
std_motion: 0.23469232022762299
max_motion: 1.0600013732910156
direction_variance: 0.10963575541973114
acceleration_std: 0.2555980384349823

Probe Stability Index: 91.8 / 100

Interpretation: High stability.
