Video: 202107271956422006390I8

Extracted Motion Features:
mean_motion: 0.7920032143592834
std_motion: 0.20797230303287506
max_motion: 1.1641027927398682
direction_variance: 0.017375368624925613
acceleration_std: 0.16255393624305725

Probe Stability Index: 92.62 / 100

Interpretation: High stability.
