Video: 202102021351461358330I6

Extracted Motion Features:
mean_motion: 0.9410186409950256
std_motion: 0.6886984705924988
max_motion: 2.9359097480773926
direction_variance: 0.22982755303382874
acceleration_std: 0.7740688920021057

Probe Stability Index: 76.95 / 100

Interpretation: Moderate stability with noticeable motion variation.
