Video: 202107111005171012280I4

Extracted Motion Features:
mean_motion: 1.5737521648406982
std_motion: 1.6570204496383667
max_motion: 5.31451940536499
direction_variance: 0.08998104929924011
acceleration_std: 0.9348321557044983

Probe Stability Index: 59.43 / 100

Interpretation: Moderate stability with noticeable motion variation.
