Video: 202106081919311925320I3

Extracted Motion Features:
mean_motion: 1.4431140422821045
std_motion: 1.3285788297653198
max_motion: 6.176067352294922
direction_variance: 0.1342107355594635
acceleration_std: 1.6460351943969727

Probe Stability Index: 54.12 / 100

Interpretation: Moderate stability with noticeable motion variation.
