Video: 202104301905551916260I8

Extracted Motion Features:
mean_motion: 0.7538817524909973
std_motion: 0.36006447672843933
max_motion: 1.4280743598937988
direction_variance: 0.06264051795005798
acceleration_std: 0.44487354159355164

Probe Stability Index: 88.42 / 100

Interpretation: High stability.
