Video: 202107272021042039390I4

Extracted Motion Features:
mean_motion: 0.6825852990150452
std_motion: 0.4063948392868042
max_motion: 1.838670015335083
direction_variance: 0.07115587592124939
acceleration_std: 0.4593977630138397

Probe Stability Index: 86.28 / 100

Interpretation: High stability.
