Video: 202105091125241138580I5

Extracted Motion Features:
mean_motion: 0.8417248725891113
std_motion: 0.5335073471069336
max_motion: 1.738765835762024
direction_variance: 0.15655788779258728
acceleration_std: 0.4502187669277191

Probe Stability Index: 85.29 / 100

Interpretation: High stability.
