Video: 202102021351461402360I1

Extracted Motion Features:
mean_motion: 0.9890825152397156
std_motion: 0.41146472096443176
max_motion: 1.8420240879058838
direction_variance: 0.11277840286493301
acceleration_std: 0.32089704275131226

Probe Stability Index: 86.85 / 100

Interpretation: High stability.
