Video: 202105051946481959200I4

Extracted Motion Features:
mean_motion: 1.7404006719589233
std_motion: 0.8326341509819031
max_motion: 3.1567487716674805
direction_variance: 0.12548068165779114
acceleration_std: 0.8810957670211792

Probe Stability Index: 74.8 / 100

Interpretation: Moderate stability with noticeable motion variation.
