Video: 202107111005171013030I1

Extracted Motion Features:
mean_motion: 0.5062465667724609
std_motion: 0.09636973589658737
max_motion: 0.6461979150772095
direction_variance: 0.087064228951931
acceleration_std: 0.08085597306489944

Probe Stability Index: 95.72 / 100

Interpretation: High stability.
