Video: 202103270848140900070I3

Extracted Motion Features:
mean_motion: 2.0430243015289307
std_motion: 1.208537220954895
max_motion: 5.181221008300781
direction_variance: 0.0761025920510292
acceleration_std: 1.1520373821258545

Probe Stability Index: 62.31 / 100

Interpretation: Moderate stability with noticeable motion variation.
