Video: 202106081919311925320I6

Extracted Motion Features:
mean_motion: 2.895298480987549
std_motion: 3.738659620285034
max_motion: 14.297271728515625
direction_variance: 0.2577713429927826
acceleration_std: 2.62358021736145

Probe Stability Index: 0 / 100

Interpretation: Low stability with frequent abrupt movements.
