Video: 202106081919311946120I2

Extracted Motion Features:
mean_motion: 0.5833039879798889
std_motion: 0.12525154650211334
max_motion: 0.9647157192230225
direction_variance: 0.09942696988582611
acceleration_std: 0.17170585691928864

Probe Stability Index: 93.61 / 100

Interpretation: High stability.
