Video: 202105091226491257140I4

Extracted Motion Features:
mean_motion: 0.8925254940986633
std_motion: 0.40035346150398254
max_motion: 1.5378434658050537
direction_variance: 0.03442985191941261
acceleration_std: 0.1781044751405716

Probe Stability Index: 89.41 / 100

Interpretation: High stability.
