Video: 240422150159

Extracted Motion Features:
mean_motion: 0.5678499937057495
std_motion: 0.4062891900539398
max_motion: 1.8963384628295898
direction_variance: 0.046406712383031845
acceleration_std: 0.4188941717147827

Probe Stability Index: 86.42 / 100

Interpretation: High stability.
