Video: 240423092458

Extracted Motion Features:
mean_motion: 1.1360516548156738
std_motion: 0.9586372971534729
max_motion: 3.3924808502197266
direction_variance: 0.0440807081758976
acceleration_std: 0.42271149158477783

Probe Stability Index: 76.0 / 100

Interpretation: Moderate stability with noticeable motion variation.
