Video: 240422145753

Extracted Motion Features:
mean_motion: 0.6699604392051697
std_motion: 0.32798802852630615
max_motion: 1.6962096691131592
direction_variance: 0.03817887231707573
acceleration_std: 0.2431328296661377

Probe Stability Index: 88.94 / 100

Interpretation: High stability.
