Video: 240424100952

Extracted Motion Features:
mean_motion: 0.5622735023498535
std_motion: 0.6058771014213562
max_motion: 2.9448845386505127
direction_variance: 0.024932794272899628
acceleration_std: 0.37024232745170593

Probe Stability Index: 81.03 / 100

Interpretation: High stability.
