Video: 240512202931

Extracted Motion Features:
mean_motion: 1.2077265977859497
std_motion: 1.015726089477539
max_motion: 4.375195503234863
direction_variance: 0.0895284041762352
acceleration_std: 0.7612085938453674

Probe Stability Index: 69.36 / 100

Interpretation: Moderate stability with noticeable motion variation.
