Video: 240522155239

Extracted Motion Features:
mean_motion: 1.28011953830719
std_motion: 0.6724701523780823
max_motion: 3.5483527183532715
direction_variance: 0.08384969830513
acceleration_std: 0.2740517258644104

Probe Stability Index: 78.36 / 100

Interpretation: Moderate stability with noticeable motion variation.
