Video: 240512165354

Extracted Motion Features:
mean_motion: 0.6539329886436462
std_motion: 0.5011122226715088
max_motion: 2.4810853004455566
direction_variance: 0.06620106101036072
acceleration_std: 0.5160731673240662

Probe Stability Index: 82.64 / 100

Interpretation: High stability.
