Video: 240512194537

Extracted Motion Features:
mean_motion: 0.6942212581634521
std_motion: 0.432978093624115
max_motion: 1.4334789514541626
direction_variance: 0.05481920763850212
acceleration_std: 0.18723759055137634

Probe Stability Index: 89.4 / 100

Interpretation: High stability.
