Video: 240508151149

Extracted Motion Features:
mean_motion: 0.6793064475059509
std_motion: 0.4816146492958069
max_motion: 2.2705066204071045
direction_variance: 0.02556694857776165
acceleration_std: 0.33461490273475647

Probe Stability Index: 84.93 / 100

Interpretation: High stability.
