Video: 240511100336

Extracted Motion Features:
mean_motion: 1.1522938013076782
std_motion: 0.9783698916435242
max_motion: 4.042520999908447
direction_variance: 0.06610988825559616
acceleration_std: 0.6539467573165894

Probe Stability Index: 71.75 / 100

Interpretation: Moderate stability with noticeable motion variation.
