Video: 240511164317

Extracted Motion Features:
mean_motion: 0.9302671551704407
std_motion: 0.4069065749645233
max_motion: 1.8701847791671753
direction_variance: 0.040808774530887604
acceleration_std: 0.32914233207702637

Probe Stability Index: 87.09 / 100

Interpretation: High stability.
