Video: 240522155823

Extracted Motion Features:
mean_motion: 1.0174750089645386
std_motion: 1.1909990310668945
max_motion: 5.484851837158203
direction_variance: 0.03827366605401039
acceleration_std: 0.6959147453308105

Probe Stability Index: 64.17 / 100

Interpretation: Moderate stability with noticeable motion variation.
