Video: 240508163908

Extracted Motion Features:
mean_motion: 0.9916704893112183
std_motion: 0.6878910064697266
max_motion: 3.239431142807007
direction_variance: 0.0601547546684742
acceleration_std: 0.539890468120575

Probe Stability Index: 78.0 / 100

Interpretation: Moderate stability with noticeable motion variation.
