Video: 240511100201

Extracted Motion Features:
mean_motion: 1.268155574798584
std_motion: 0.8895026445388794
max_motion: 3.9838757514953613
direction_variance: 0.11739224940538406
acceleration_std: 0.634057879447937

Probe Stability Index: 72.56 / 100

Interpretation: Moderate stability with noticeable motion variation.
