Video: 240512182228

Extracted Motion Features:
mean_motion: 1.7545487880706787
std_motion: 1.3285971879959106
max_motion: 5.998717308044434
direction_variance: 0.17010898888111115
acceleration_std: 0.9533857703208923

Probe Stability Index: 58.81 / 100

Interpretation: Moderate stability with noticeable motion variation.
