Video: 240509110528

Extracted Motion Features:
mean_motion: 0.3563810884952545
std_motion: 0.3362041711807251
max_motion: 1.418694019317627
direction_variance: 0.01904241554439068
acceleration_std: 0.2771417796611786

Probe Stability Index: 89.88 / 100

Interpretation: High stability.
