Video: 240528175217

Extracted Motion Features:
mean_motion: 0.48070886731147766
std_motion: 0.39262863993644714
max_motion: 2.227076292037964
direction_variance: 0.042750854045152664
acceleration_std: 0.3701392412185669

Probe Stability Index: 85.52 / 100

Interpretation: High stability.
