Video: 240522155259

Extracted Motion Features:
mean_motion: 1.0303031206130981
std_motion: 0.9195825457572937
max_motion: 3.116119861602783
direction_variance: 0.24775388836860657
acceleration_std: 0.41239815950393677

Probe Stability Index: 76.47 / 100

Interpretation: Moderate stability with noticeable motion variation.
