Video: 240511100244

Extracted Motion Features:
mean_motion: 1.2334259748458862
std_motion: 0.5352658629417419
max_motion: 2.34102725982666
direction_variance: 0.12024512887001038
acceleration_std: 0.32092341780662537

Probe Stability Index: 83.83 / 100

Interpretation: High stability.
