Video: 240508163856

Extracted Motion Features:
mean_motion: 1.4757094383239746
std_motion: 0.9323104023933411
max_motion: 3.765131711959839
direction_variance: 0.06147638335824013
acceleration_std: 0.6613443493843079

Probe Stability Index: 73.21 / 100

Interpretation: Moderate stability with noticeable motion variation.
