Video: 240520144436

Extracted Motion Features:
mean_motion: 1.4812991619110107
std_motion: 1.6405816078186035
max_motion: 6.541935443878174
direction_variance: 0.11517183482646942
acceleration_std: 0.9010796546936035

Probe Stability Index: 54.73 / 100

Interpretation: Moderate stability with noticeable motion variation.
