Video: 240522155213

Extracted Motion Features:
mean_motion: 0.9847952723503113
std_motion: 0.38474613428115845
max_motion: 1.7056859731674194
direction_variance: 0.17765922844409943
acceleration_std: 0.20002207159996033

Probe Stability Index: 88.01 / 100

Interpretation: High stability.
