Video: 240522155743

Extracted Motion Features:
mean_motion: 1.140892744064331
std_motion: 0.8992146849632263
max_motion: 3.4642691612243652
direction_variance: 0.05714237689971924
acceleration_std: 0.4325544536113739

Probe Stability Index: 76.07 / 100

Interpretation: Moderate stability with noticeable motion variation.
