Video: 240523162556

Extracted Motion Features:
mean_motion: 0.9202989935874939
std_motion: 0.36632511019706726
max_motion: 1.9584273099899292
direction_variance: 0.0894773006439209
acceleration_std: 0.41964974999427795

Probe Stability Index: 86.27 / 100

Interpretation: High stability.
