Video: 240508150655

Extracted Motion Features:
mean_motion: 1.1743335723876953
std_motion: 0.9194190502166748
max_motion: 4.315440654754639
direction_variance: 0.043750010430812836
acceleration_std: 0.3956417739391327

Probe Stability Index: 72.79 / 100

Interpretation: Moderate stability with noticeable motion variation.
