Video: 240508142423

Extracted Motion Features:
mean_motion: 0.47733694314956665
std_motion: 0.16932280361652374
max_motion: 0.9014168977737427
direction_variance: 0.03886155039072037
acceleration_std: 0.12554121017456055

Probe Stability Index: 94.09 / 100

Interpretation: High stability.
