Video: 240512115339

Extracted Motion Features:
mean_motion: 0.37826302647590637
std_motion: 0.14420337975025177
max_motion: 0.7337418794631958
direction_variance: 0.01024710200726986
acceleration_std: 0.12114178389310837

Probe Stability Index: 95.13 / 100

Interpretation: High stability.
