Video: 240513101616

Extracted Motion Features:
mean_motion: 0.984620213508606
std_motion: 0.573473334312439
max_motion: 3.0252251625061035
direction_variance: 0.09894275665283203
acceleration_std: 0.6285365223884583

Probe Stability Index: 79.05 / 100

Interpretation: Moderate stability with noticeable motion variation.
