Video: 240512104843

Extracted Motion Features:
mean_motion: 1.0829713344573975
std_motion: 0.8269237875938416
max_motion: 4.072151184082031
direction_variance: 0.11744900047779083
acceleration_std: 0.8447851538658142

Probe Stability Index: 71.44 / 100

Interpretation: Moderate stability with noticeable motion variation.
