Video: 240512133952

Extracted Motion Features:
mean_motion: 0.41616836190223694
std_motion: 0.29368719458580017
max_motion: 1.409958839416504
direction_variance: 0.014592066407203674
acceleration_std: 0.24648785591125488

Probe Stability Index: 90.46 / 100

Interpretation: High stability.
