Video: 240522155227

Extracted Motion Features:
mean_motion: 1.040881872177124
std_motion: 0.5308972001075745
max_motion: 2.5100467205047607
direction_variance: 0.09143895655870438
acceleration_std: 0.1514861285686493

Probe Stability Index: 84.35 / 100

Interpretation: High stability.
