Video: 240509091038

Extracted Motion Features:
mean_motion: 0.9657655358314514
std_motion: 0.7972442507743835
max_motion: 3.356877088546753
direction_variance: 0.04664326459169388
acceleration_std: 0.5639666318893433

Probe Stability Index: 76.58 / 100

Interpretation: Moderate stability with noticeable motion variation.
