Video: 240522155250

Extracted Motion Features:
mean_motion: 1.4387831687927246
std_motion: 0.9355958104133606
max_motion: 3.121533155441284
direction_variance: 0.056986838579177856
acceleration_std: 0.41362446546554565

Probe Stability Index: 77.26 / 100

Interpretation: Moderate stability with noticeable motion variation.
