Video: 240509091028

Extracted Motion Features:
mean_motion: 0.9319413304328918
std_motion: 0.8001807928085327
max_motion: 3.3602523803710938
direction_variance: 0.058109208941459656
acceleration_std: 0.5338881015777588

Probe Stability Index: 76.66 / 100

Interpretation: Moderate stability with noticeable motion variation.
