Video: 240512195827

Extracted Motion Features:
mean_motion: 1.0322991609573364
std_motion: 0.8975526094436646
max_motion: 4.351881504058838
direction_variance: 0.09234120696783066
acceleration_std: 0.49925968050956726

Probe Stability Index: 71.95 / 100

Interpretation: Moderate stability with noticeable motion variation.
