Video: 240508163942

Extracted Motion Features:
mean_motion: 1.2182360887527466
std_motion: 1.3132575750350952
max_motion: 5.850066661834717
direction_variance: 0.08634395897388458
acceleration_std: 0.5774402618408203

Probe Stability Index: 62.2 / 100

Interpretation: Moderate stability with noticeable motion variation.
