Video: 240522155801

Extracted Motion Features:
mean_motion: 0.8394699096679688
std_motion: 0.394900918006897
max_motion: 1.929349660873413
direction_variance: 0.03688023239374161
acceleration_std: 0.23898905515670776

Probe Stability Index: 87.51 / 100

Interpretation: High stability.
