Video: 240509100327

Extracted Motion Features:
mean_motion: 1.0347849130630493
std_motion: 0.5517231822013855
max_motion: 2.080528497695923
direction_variance: 0.035414908081293106
acceleration_std: 0.2953777611255646

Probe Stability Index: 85.31 / 100

Interpretation: High stability.
