Video: 240512152704

Extracted Motion Features:
mean_motion: 0.8098688721656799
std_motion: 0.4049568772315979
max_motion: 1.8038654327392578
direction_variance: 0.04995159059762955
acceleration_std: 0.324153870344162

Probe Stability Index: 87.35 / 100

Interpretation: High stability.
