Video: 240522155204

Extracted Motion Features:
mean_motion: 1.1168460845947266
std_motion: 1.0618622303009033
max_motion: 4.811508655548096
direction_variance: 0.04580134525895119
acceleration_std: 0.3937361538410187

Probe Stability Index: 69.67 / 100

Interpretation: Moderate stability with noticeable motion variation.
