Video: 240617091759

Extracted Motion Features:
mean_motion: 0.36207765340805054
std_motion: 0.13717542588710785
max_motion: 0.8540348410606384
direction_variance: 0.04477069899439812
acceleration_std: 0.1190842017531395

Probe Stability Index: 94.55 / 100

Interpretation: High stability.
