Video: 240617091858

Extracted Motion Features:
mean_motion: 0.6429972052574158
std_motion: 0.4638057053089142
max_motion: 1.9774608612060547
direction_variance: 0.14925187826156616
acceleration_std: 0.2411441206932068

Probe Stability Index: 86.19 / 100

Interpretation: High stability.
