Video: 240624122216

Extracted Motion Features:
mean_motion: 0.7535298466682434
std_motion: 0.7480962872505188
max_motion: 2.877352476119995
direction_variance: 0.058513082563877106
acceleration_std: 0.19690793752670288

Probe Stability Index: 81.03 / 100

Interpretation: High stability.
