Video: 240624113512

Extracted Motion Features:
mean_motion: 0.8604749441146851
std_motion: 0.5129554271697998
max_motion: 2.016993999481201
direction_variance: 0.014353764243423939
acceleration_std: 0.18844996392726898

Probe Stability Index: 86.63 / 100

Interpretation: High stability.
