Video: 240624122129

Extracted Motion Features:
mean_motion: 0.6588676571846008
std_motion: 0.33793577551841736
max_motion: 1.4443862438201904
direction_variance: 0.02696182020008564
acceleration_std: 0.17804044485092163

Probe Stability Index: 90.32 / 100

Interpretation: High stability.
