Video: 240622103410

Extracted Motion Features:
mean_motion: 0.5915805101394653
std_motion: 0.45147809386253357
max_motion: 2.0922417640686035
direction_variance: 0.10662836581468582
acceleration_std: 0.38162797689437866

Probe Stability Index: 85.2 / 100

Interpretation: High stability.
