Video: 240603135351

Extracted Motion Features:
mean_motion: 0.6374111175537109
std_motion: 0.39719223976135254
max_motion: 1.6994233131408691
direction_variance: 0.03927501663565636
acceleration_std: 0.20635190606117249

Probe Stability Index: 88.59 / 100

Interpretation: High stability.
