Video: 240604154843

Extracted Motion Features:
mean_motion: 0.9918919205665588
std_motion: 0.8841333985328674
max_motion: 4.718860626220703
direction_variance: 0.058822181075811386
acceleration_std: 0.6089664697647095

Probe Stability Index: 70.1 / 100

Interpretation: Moderate stability with noticeable motion variation.
