Video: 240624095218

Extracted Motion Features:
mean_motion: 0.7293117046356201
std_motion: 0.6337735056877136
max_motion: 2.3289716243743896
direction_variance: 0.031644292175769806
acceleration_std: 0.30605238676071167

Probe Stability Index: 83.62 / 100

Interpretation: High stability.
