Video: 240617102311

Extracted Motion Features:
mean_motion: 0.40118876099586487
std_motion: 0.24483081698417664
max_motion: 1.169831395149231
direction_variance: 0.013953614979982376
acceleration_std: 0.20863662660121918

Probe Stability Index: 92.04 / 100

Interpretation: High stability.
