Video: 240620165438

Extracted Motion Features:
mean_motion: 0.4308614134788513
std_motion: 0.217905193567276
max_motion: 1.0585715770721436
direction_variance: 0.05623714625835419
acceleration_std: 0.1223149299621582

Probe Stability Index: 93.01 / 100

Interpretation: High stability.
