Video: 240628095651

Extracted Motion Features:
mean_motion: 1.2511078119277954
std_motion: 0.6767518520355225
max_motion: 2.461970090866089
direction_variance: 0.04405178129673004
acceleration_std: 0.41148266196250916

Probe Stability Index: 82.05 / 100

Interpretation: High stability.
