Video: 240627150254

Extracted Motion Features:
mean_motion: 0.8233233094215393
std_motion: 0.6442949175834656
max_motion: 2.7473485469818115
direction_variance: 0.04043421521782875
acceleration_std: 0.20888063311576843

Probe Stability Index: 82.4 / 100

Interpretation: High stability.
