Video: 240624113414

Extracted Motion Features:
mean_motion: 1.0940558910369873
std_motion: 0.4459255337715149
max_motion: 2.015475273132324
direction_variance: 0.027004612609744072
acceleration_std: 0.28392550349235535

Probe Stability Index: 86.53 / 100

Interpretation: High stability.
