Video: 240620170416

Extracted Motion Features:
mean_motion: 1.0608408451080322
std_motion: 0.9086947441101074
max_motion: 3.5382189750671387
direction_variance: 0.04391572251915932
acceleration_std: 0.4493280053138733

Probe Stability Index: 75.66 / 100

Interpretation: Moderate stability with noticeable motion variation.
