Video: 240617102200

Extracted Motion Features:
mean_motion: 0.7060061097145081
std_motion: 0.4883933663368225
max_motion: 2.109755516052246
direction_variance: 0.0439319871366024
acceleration_std: 0.26070383191108704

Probe Stability Index: 85.87 / 100

Interpretation: High stability.
