Video: 240603140130

Extracted Motion Features:
mean_motion: 1.4263027906417847
std_motion: 1.292426347732544
max_motion: 4.046638011932373
direction_variance: 0.05231495574116707
acceleration_std: 0.2891102433204651

Probe Stability Index: 71.48 / 100

Interpretation: Moderate stability with noticeable motion variation.
