Video: 240624113443

Extracted Motion Features:
mean_motion: 0.9701947569847107
std_motion: 0.5868377089500427
max_motion: 2.102285861968994
direction_variance: 0.03660151734948158
acceleration_std: 0.19432544708251953

Probe Stability Index: 85.55 / 100

Interpretation: High stability.
