Video: 240624113304

Extracted Motion Features:
mean_motion: 1.0285512208938599
std_motion: 0.6684293746948242
max_motion: 2.746403455734253
direction_variance: 0.0852365642786026
acceleration_std: 0.3810189962387085

Probe Stability Index: 80.95 / 100

Interpretation: High stability.
