Video: 240628095630

Extracted Motion Features:
mean_motion: 0.5822243690490723
std_motion: 0.6831813454627991
max_motion: 2.610628366470337
direction_variance: 0.035302482545375824
acceleration_std: 0.5425983667373657

Probe Stability Index: 80.66 / 100

Interpretation: High stability.
