Video: 240625152621

Extracted Motion Features:
mean_motion: 0.6034539937973022
std_motion: 0.42541566491127014
max_motion: 2.061892032623291
direction_variance: 0.01965826377272606
acceleration_std: 0.4002110958099365

Probe Stability Index: 85.85 / 100

Interpretation: High stability.
