Video: 240620170356

Extracted Motion Features:
mean_motion: 0.9258503317832947
std_motion: 0.6026302576065063
max_motion: 2.3657524585723877
direction_variance: 0.0413832888007164
acceleration_std: 0.4489833116531372

Probe Stability Index: 82.82 / 100

Interpretation: High stability.
