Video: 240624122249

Extracted Motion Features:
mean_motion: 1.0708094835281372
std_motion: 0.6927643418312073
max_motion: 2.5085787773132324
direction_variance: 0.018711717799305916
acceleration_std: 0.2841007709503174

Probe Stability Index: 82.63 / 100

Interpretation: High stability.
