Video: 240625093559

Extracted Motion Features:
mean_motion: 0.6953145265579224
std_motion: 0.4629327058792114
max_motion: 1.4610093832015991
direction_variance: 0.0791793093085289
acceleration_std: 0.18465176224708557

Probe Stability Index: 88.95 / 100

Interpretation: High stability.
