Video: 240624095143

Extracted Motion Features:
mean_motion: 1.7496048212051392
std_motion: 0.9807234406471252
max_motion: 3.357353925704956
direction_variance: 0.0438777357339859
acceleration_std: 0.32994815707206726

Probe Stability Index: 76.53 / 100

Interpretation: Moderate stability with noticeable motion variation.
