Video: 240617102232

Extracted Motion Features:
mean_motion: 0.8654824495315552
std_motion: 0.5517975091934204
max_motion: 1.76632821559906
direction_variance: 0.0688689723610878
acceleration_std: 0.3443005383014679

Probe Stability Index: 86.11 / 100

Interpretation: High stability.
