Video: 240625093730

Extracted Motion Features:
mean_motion: 0.6258570551872253
std_motion: 0.5863317847251892
max_motion: 2.5144994258880615
direction_variance: 0.0991157814860344
acceleration_std: 0.30783504247665405

Probe Stability Index: 82.91 / 100

Interpretation: High stability.
