Video: 240617091844

Extracted Motion Features:
mean_motion: 0.5285797715187073
std_motion: 0.30909988284111023
max_motion: 1.45628023147583
direction_variance: 0.057303208857774734
acceleration_std: 0.19163936376571655

Probe Stability Index: 90.27 / 100

Interpretation: High stability.
