Video: 240620170416X

Extracted Motion Features:
mean_motion: 1.6944527626037598
std_motion: 0.9050995707511902
max_motion: 3.470357656478882
direction_variance: 0.06889501214027405
acceleration_std: 0.6201586127281189

Probe Stability Index: 74.81 / 100

Interpretation: Moderate stability with noticeable motion variation.
