Video: 240622121638

Extracted Motion Features:
mean_motion: 0.5129091739654541
std_motion: 0.4058583080768585
max_motion: 1.5528714656829834
direction_variance: 0.050519995391368866
acceleration_std: 0.38006162643432617

Probe Stability Index: 88.01 / 100

Interpretation: High stability.
