Video: 240617163555

Extracted Motion Features:
mean_motion: 0.33617153763771057
std_motion: 0.23352940380573273
max_motion: 0.9865731000900269
direction_variance: 0.04264666140079498
acceleration_std: 0.13826827704906464

Probe Stability Index: 93.14 / 100

Interpretation: High stability.
