Video: 240624084053

Extracted Motion Features:
mean_motion: 0.33750733733177185
std_motion: 0.3044915199279785
max_motion: 1.3048971891403198
direction_variance: 0.05070721358060837
acceleration_std: 0.27567628026008606

Probe Stability Index: 90.44 / 100

Interpretation: High stability.
