Video: 240624121354

Extracted Motion Features:
mean_motion: 1.0077955722808838
std_motion: 0.6889100074768066
max_motion: 2.6418449878692627
direction_variance: 0.0417618528008461
acceleration_std: 0.30007636547088623

Probe Stability Index: 81.91 / 100

Interpretation: High stability.
