Video: 240625093821

Extracted Motion Features:
mean_motion: 0.8201707601547241
std_motion: 0.5856778621673584
max_motion: 2.377678632736206
direction_variance: 0.05060964450240135
acceleration_std: 0.17688295245170593

Probe Stability Index: 84.49 / 100

Interpretation: High stability.
