Video: 240617112704

Extracted Motion Features:
mean_motion: 0.8710988759994507
std_motion: 0.44688865542411804
max_motion: 1.8820030689239502
direction_variance: 0.019086414948105812
acceleration_std: 0.38976696133613586

Probe Stability Index: 86.46 / 100

Interpretation: High stability.
