Video: 240625160041

Extracted Motion Features:
mean_motion: 0.5270029306411743
std_motion: 0.4160843789577484
max_motion: 1.6639941930770874
direction_variance: 0.03449588268995285
acceleration_std: 0.2711983919143677

Probe Stability Index: 88.22 / 100

Interpretation: High stability.
