Video: 240620170356X

Extracted Motion Features:
mean_motion: 1.170303225517273
std_motion: 0.6078488230705261
max_motion: 2.337644100189209
direction_variance: 0.06855624914169312
acceleration_std: 0.5943132042884827

Probe Stability Index: 81.88 / 100

Interpretation: High stability.
