Video: 240617112647

Extracted Motion Features:
mean_motion: 0.49595603346824646
std_motion: 0.4102833569049835
max_motion: 2.2856853008270264
direction_variance: 0.01783190295100212
acceleration_std: 0.37961065769195557

Probe Stability Index: 85.21 / 100

Interpretation: High stability.
