Video: 240617091844X

Extracted Motion Features:
mean_motion: 0.618421733379364
std_motion: 0.30184265971183777
max_motion: 1.4407689571380615
direction_variance: 0.04974687844514847
acceleration_std: 0.2142547369003296

Probe Stability Index: 90.29 / 100

Interpretation: High stability.
