Video: 240603135453

Extracted Motion Features:
mean_motion: 0.817986011505127
std_motion: 0.3829056918621063
max_motion: 1.7034647464752197
direction_variance: 0.016005409881472588
acceleration_std: 0.19525304436683655

Probe Stability Index: 88.87 / 100

Interpretation: High stability.
