Video: 240627150213

Extracted Motion Features:
mean_motion: 1.0916396379470825
std_motion: 0.8564873337745667
max_motion: 2.759781837463379
direction_variance: 0.0869470089673996
acceleration_std: 0.30394458770751953

Probe Stability Index: 79.85 / 100

Interpretation: Moderate stability with noticeable motion variation.
