Video: 240624121403

Extracted Motion Features:
mean_motion: 0.8856247663497925
std_motion: 0.4612368643283844
max_motion: 2.165447473526001
direction_variance: 0.0541510246694088
acceleration_std: 0.2911456227302551

Probe Stability Index: 85.63 / 100

Interpretation: High stability.
