Video: 240710163419

Extracted Motion Features:
mean_motion: 0.7913888692855835
std_motion: 0.345089316368103
max_motion: 1.4069501161575317
direction_variance: 0.10078145563602448
acceleration_std: 0.31083574891090393

Probe Stability Index: 89.24 / 100

Interpretation: High stability.
