Video: 240708114606

Extracted Motion Features:
mean_motion: 0.26307469606399536
std_motion: 0.056397151201963425
max_motion: 0.45400428771972656
direction_variance: 0.019550520926713943
acceleration_std: 0.0742841362953186

Probe Stability Index: 97.19 / 100

Interpretation: High stability.
