Video: 240710164241

Extracted Motion Features:
mean_motion: 0.9913886785507202
std_motion: 0.9958670735359192
max_motion: 3.5365731716156006
direction_variance: 0.05834077671170235
acceleration_std: 0.5913714170455933

Probe Stability Index: 74.05 / 100

Interpretation: Moderate stability with noticeable motion variation.
