Video: 240702130318

Extracted Motion Features:
mean_motion: 0.6932116150856018
std_motion: 0.4867192506790161
max_motion: 2.0165581703186035
direction_variance: 0.02507145330309868
acceleration_std: 0.35953718423843384

Probe Stability Index: 85.76 / 100

Interpretation: High stability.
