Video: 240701153011

Extracted Motion Features:
mean_motion: 0.9522876739501953
std_motion: 0.5625931620597839
max_motion: 1.9664000272750854
direction_variance: 0.05108221247792244
acceleration_std: 0.5405574440956116

Probe Stability Index: 84.13 / 100

Interpretation: High stability.
