Video: 240702125634

Extracted Motion Features:
mean_motion: 0.7802071571350098
std_motion: 0.5221772789955139
max_motion: 2.0499234199523926
direction_variance: 0.062014468014240265
acceleration_std: 0.25373557209968567

Probe Stability Index: 85.79 / 100

Interpretation: High stability.
