Video: 240710163837

Extracted Motion Features:
mean_motion: 0.8921670317649841
std_motion: 0.9031995534896851
max_motion: 3.577669858932495
direction_variance: 0.04900997504591942
acceleration_std: 0.3844774067401886

Probe Stability Index: 75.91 / 100

Interpretation: Moderate stability with noticeable motion variation.
