Video: 240707102710

Extracted Motion Features:
mean_motion: 0.963865339756012
std_motion: 0.7644185423851013
max_motion: 4.065429210662842
direction_variance: 0.09740927815437317
acceleration_std: 0.962186336517334

Probe Stability Index: 71.36 / 100

Interpretation: Moderate stability with noticeable motion variation.
