Video: 240710162851

Extracted Motion Features:
mean_motion: 1.190565586090088
std_motion: 0.4294702410697937
max_motion: 2.4124746322631836
direction_variance: 0.04224514961242676
acceleration_std: 0.5683150291442871

Probe Stability Index: 83.29 / 100

Interpretation: High stability.
