Video: 240707112513

Extracted Motion Features:
mean_motion: 1.2164437770843506
std_motion: 1.3082518577575684
max_motion: 5.386905193328857
direction_variance: 0.05651713162660599
acceleration_std: 0.7204508781433105

Probe Stability Index: 63.38 / 100

Interpretation: Moderate stability with noticeable motion variation.
