Video: 240707102833

Extracted Motion Features:
mean_motion: 0.8955779671669006
std_motion: 0.5902617573738098
max_motion: 2.84848952293396
direction_variance: 0.07496797293424606
acceleration_std: 0.4100046455860138

Probe Stability Index: 81.05 / 100

Interpretation: High stability.
