Video: 240702084425

Extracted Motion Features:
mean_motion: 0.32644176483154297
std_motion: 0.13106769323349
max_motion: 0.7305784225463867
direction_variance: 0.027093498036265373
acceleration_std: 0.16164781153202057

Probe Stability Index: 94.92 / 100

Interpretation: High stability.
