Video: 240708093611

Extracted Motion Features:
mean_motion: 1.1361420154571533
std_motion: 0.9757428169250488
max_motion: 4.66942834854126
direction_variance: 0.038550108671188354
acceleration_std: 0.45956990122795105

Probe Stability Index: 70.57 / 100

Interpretation: Moderate stability with noticeable motion variation.
