Video: 240708101016

Extracted Motion Features:
mean_motion: 1.4355716705322266
std_motion: 0.6720374226570129
max_motion: 2.819394588470459
direction_variance: 0.07116710394620895
acceleration_std: 0.4408354163169861

Probe Stability Index: 80.35 / 100

Interpretation: High stability.
