Video: 240708110818

Extracted Motion Features:
mean_motion: 1.5021799802780151
std_motion: 1.317524790763855
max_motion: 4.332998275756836
direction_variance: 0.09922438114881516
acceleration_std: 1.0451191663742065

Probe Stability Index: 65.36 / 100

Interpretation: Moderate stability with noticeable motion variation.
