Video: 240710171129

Extracted Motion Features:
mean_motion: 0.3912782073020935
std_motion: 0.2595478296279907
max_motion: 1.1558277606964111
direction_variance: 0.023496391251683235
acceleration_std: 0.19310592114925385

Probe Stability Index: 92.02 / 100

Interpretation: High stability.
