Video: 240702130154

Extracted Motion Features:
mean_motion: 0.44523781538009644
std_motion: 0.19893218576908112
max_motion: 0.9025775194168091
direction_variance: 0.0253211110830307
acceleration_std: 0.09578125178813934

Probe Stability Index: 94.1 / 100

Interpretation: High stability.
