Video: 240708111442

Extracted Motion Features:
mean_motion: 0.48773622512817383
std_motion: 0.27708539366722107
max_motion: 1.443280577659607
direction_variance: 0.08116365969181061
acceleration_std: 0.18083079159259796

Probe Stability Index: 90.52 / 100

Interpretation: High stability.
