Video: 240707113953

Extracted Motion Features:
mean_motion: 1.3057219982147217
std_motion: 0.5105053782463074
max_motion: 2.2711522579193115
direction_variance: 0.0634741336107254
acceleration_std: 0.3102715313434601

Probe Stability Index: 84.65 / 100

Interpretation: High stability.
