Video: 240708115339

Extracted Motion Features:
mean_motion: 1.0011065006256104
std_motion: 1.1178092956542969
max_motion: 3.6266860961914062
direction_variance: 0.021005941554903984
acceleration_std: 0.2519899010658264

Probe Stability Index: 74.93 / 100

Interpretation: Moderate stability with noticeable motion variation.
