Video: 240708111904

Extracted Motion Features:
mean_motion: 1.0710235834121704
std_motion: 1.2821455001831055
max_motion: 6.267247200012207
direction_variance: 0.058676183223724365
acceleration_std: 0.9682183265686035

Probe Stability Index: 58.57 / 100

Interpretation: Moderate stability with noticeable motion variation.
