Video: 240707121344

Extracted Motion Features:
mean_motion: 0.7315451502799988
std_motion: 0.3595544397830963
max_motion: 1.5695714950561523
direction_variance: 0.043561313301324844
acceleration_std: 0.1861364096403122

Probe Stability Index: 89.51 / 100

Interpretation: High stability.
