Video: 240710170838

Extracted Motion Features:
mean_motion: 0.8369964361190796
std_motion: 0.3521019518375397
max_motion: 1.365853190422058
direction_variance: 0.06509576737880707
acceleration_std: 0.17965920269489288

Probe Stability Index: 90.32 / 100

Interpretation: High stability.
