Video: 240702092432

Extracted Motion Features:
mean_motion: 0.3755626678466797
std_motion: 0.26199784874916077
max_motion: 1.18058180809021
direction_variance: 0.12788698077201843
acceleration_std: 0.2446829080581665

Probe Stability Index: 91.07 / 100

Interpretation: High stability.
