Video: 240702130257

Extracted Motion Features:
mean_motion: 0.8219279050827026
std_motion: 0.64873868227005
max_motion: 3.0987026691436768
direction_variance: 0.021188102662563324
acceleration_std: 0.5063403844833374

Probe Stability Index: 79.27 / 100

Interpretation: Moderate stability with noticeable motion variation.
