Video: 240708093643

Extracted Motion Features:
mean_motion: 0.9308629035949707
std_motion: 0.6669122576713562
max_motion: 2.602989912033081
direction_variance: 0.011508339084684849
acceleration_std: 0.6031309962272644

Probe Stability Index: 80.58 / 100

Interpretation: High stability.
